{
  "dispatch_location": "Bmc Dhad",
  "distance_matrix": [
    [
      0,
      8065,
      3507,
      67217,
      10329,
      7249,
      10323
    ],
    [
      8065,
      0,
      11573,
      59151,
      14216,
      14185,
      18389
    ],
    [
      3507,
      11573,
      0,
      70724,
      13836,
      10756,
      9877
    ],
    [
      67217,
      59151,
      70724,
      0,
      64017,
      73337,
      77540
    ],
    [
      10329,
      14216,
      13836,
      64017,
      0,
      16449,
      20652
    ],
    [
      7249,
      14185,
      10756,
      73337,
      16449,
      0,
      17572
    ],
    [
      10323,
      18389,
      9877,
      77540,
      20652,
      17572,
      0
    ]
  ],
  "demands": [
    0,
    217,
    380,
    183,
    133,
    586,
    649
  ],
  "num_vehicles": 3,
  "vehicle_capacity": 500,
  "depot": 0
}