{
  "dispatch_location": "Bmc Dahid ",
  "distance_matrix": [
    [
      0,
      9814,
      6971,
      9289,
      22865,
      19714,
      23178,
      5375,
      13639,
      28280,
      17644
    ],
    [
      9814,
      0,
      7279,
      17768,
      15943,
      13991,
      13363,
      15190,
      13947,
      19760,
      16061
    ],
    [
      6971,
      7279,
      0,
      14924,
      15894,
      12743,
      20643,
      12346,
      6667,
      21309,
      10673
    ],
    [
      9289,
      17768,
      14924,
      0,
      30819,
      27668,
      31132,
      14665,
      21592,
      36234,
      25598
    ],
    [
      22865,
      15943,
      15894,
      30819,
      0,
      3150,
      7156,
      28241,
      9226,
      18151,
      5220
    ],
    [
      19714,
      13991,
      12743,
      27668,
      3150,
      0,
      5204,
      25090,
      6075,
      15000,
      2070
    ],
    [
      23178,
      13363,
      20643,
      31132,
      7156,
      5204,
      0,
      28554,
      21916,
      7205,
      7274
    ],
    [
      5375,
      15190,
      12346,
      14665,
      28241,
      25090,
      28554,
      0,
      19014,
      33656,
      23020
    ],
    [
      13639,
      13947,
      6667,
      21592,
      9226,
      6075,
      21916,
      19014,
      0,
      14710,
      4005
    ],
    [
      28280,
      19760,
      21309,
      36234,
      18151,
      15000,
      7205,
      33656,
      14710,
      0,
      12930
    ],
    [
      17644,
      16061,
      10673,
      25598,
      5220,
      2070,
      7274,
      23020,
      4005,
      12930,
      0
    ]
  ],
  "demands": [
    0,
    141,
    241,
    245,
    278,
    69,
    101,
    120,
    129,
    70,
    70
  ],
  "num_vehicles": 3,
  "vehicle_capacity": 500,
  "depot": 0
}